2,0 3,0
3,0 4,0
4,0 5,0
7,0 8,0
0,1 1,1
1,1 2,1
3,1 4,1
4,1 5,1
6,1 7,1
1,1 1,2
6,1 6,2
9,1 9,2
1,2 2,2
5,2 6,2
7,2 8,2
0,2 0,3
3,2 3,3
7,2 7,3
0,3 1,3
1,3 2,3
5,3 6,3
8,3 9,3
3,3 3,4
4,3 4,4
7,3 7,4
4,4 5,4
7,4 8,4
7,4 7,5
9,4 9,5
1,5 2,5
2,5 3,5
4,5 5,5
8,5 9,5
0,5 0,6
2,5 2,6
4,5 4,6
6,5 6,6
7,5 7,6
0,6 1,6
4,6 5,6
5,6 6,6
2,6 2,7
4,6 4,7
3,7 3,8
7,7 7,8
0,8 1,8
3,8 4,8
8,8 9,8
2,8 2,9
5,8 5,9
7,8 7,9
9,8 9,9
4,9 5,9
7,9 8,9
1,9 1,10
3,9 3,10
5,9 5,10
7,9 7,10
9,9 9,10
2,10 3,10
5,10 5,11
7,10 7,11
4,11 5,11
7,11 8,11
5,11 5,12
9,11 9,12
0,12 1,12
2,12 3,12
3,12 4,12
8,12 9,12
0,12 0,13
1,12 1,13
2,12 2,13
3,12 3,13
2,13 3,13
4,13 5,13
5,13 6,13
7,13 8,13
1,13 1,14
5,13 5,14
7,14 8,14
2,14 2,15
3,14 3,15
7,14 7,15
1,15 2,15
3,15 4,15
6,15 7,15
8,15 9,15
5,15 5,16
9,15 9,16
0,16 1,16
4,16 5,16
7,16 8,16
1,16 1,17
3,16 3,17
9,16 9,17
0,17 1,17
3,17 4,17
7,17 8,17
1,17 1,18
5,17 5,18
7,17 7,18
9,17 9,18
0,18 1,18
4,18 5,18
2,18 2,19
4,18 4,19
8,18 8,19
3,19 4,19
4,19 5,19
6,19 7,19
0,19 0,20
1,19 1,20
6,19 6,20
8,19 8,20
9,19 9,20
7,20 8,20
1,21 2,21
2,21 3,21
3,21 4,21
4,21 5,21
2,21 2,22
6,21 6,22
8,21 8,22
9,21 9,22
0,22 1,22
6,22 7,22
7,22 7,23
8,22 8,23
0,23 1,23
2,23 3,23
2,23 2,24
5,23 5,24
6,23 6,24
9,23 9,24
1,24 2,24
1,24 1,25
4,24 4,25
5,24 5,25
0,25 1,25
4,25 5,25
6,25 7,25
